{
 "cells": [
  {
   "cell_type": "code",
   "execution_count": 39,
   "metadata": {},
   "outputs": [],
   "source": [
    "import pandas as pd\n",
    "import numpy as np\n",
    "import scipy.stats \n",
    "from sklearn import linear_model\n",
    "from sklearn.linear_model import LinearRegression\n",
    "from sklearn.model_selection import train_test_split, cross_val_score\n",
    "from sklearn.metrics import mean_squared_error, r2_score\n",
    "import seaborn as sns\n",
    "import matplotlib.pyplot as plt"
   ]
  },
  {
   "cell_type": "code",
   "execution_count": 59,
   "metadata": {},
   "outputs": [],
   "source": [
    "train_clean=pd.read_csv('data/train_clean.csv')\n",
    "test_clean=pd.read_csv('data/test_clean.csv')"
   ]
  },
  {
   "cell_type": "markdown",
   "metadata": {},
   "source": [
    " # les femmes ayant embarqué sur le titanic avaient-elles plus de chance de survie que les hommes?"
   ]
  },
  {
   "cell_type": "markdown",
   "metadata": {},
   "source": [
    "## Ho: il n'existe pas de corrélation entre le sexe du passager et la survie\n",
    "## H1: il existe une corrélation entre le sexe du passager et la survie"
   ]
  },
  {
   "cell_type": "code",
   "execution_count": 3,
   "metadata": {},
   "outputs": [
    {
     "data": {
      "text/html": [
       "<div>\n",
       "<style scoped>\n",
       "    .dataframe tbody tr th:only-of-type {\n",
       "        vertical-align: middle;\n",
       "    }\n",
       "\n",
       "    .dataframe tbody tr th {\n",
       "        vertical-align: top;\n",
       "    }\n",
       "\n",
       "    .dataframe thead th {\n",
       "        text-align: right;\n",
       "    }\n",
       "</style>\n",
       "<table border=\"1\" class=\"dataframe\">\n",
       "  <thead>\n",
       "    <tr style=\"text-align: right;\">\n",
       "      <th></th>\n",
       "      <th>PassengerId</th>\n",
       "      <th>Survived</th>\n",
       "      <th>Pclass</th>\n",
       "      <th>Sex</th>\n",
       "      <th>Age</th>\n",
       "      <th>SibSp</th>\n",
       "      <th>Parch</th>\n",
       "      <th>Fare</th>\n",
       "      <th>Embarked</th>\n",
       "    </tr>\n",
       "  </thead>\n",
       "  <tbody>\n",
       "    <tr>\n",
       "      <td>0</td>\n",
       "      <td>1</td>\n",
       "      <td>0</td>\n",
       "      <td>3</td>\n",
       "      <td>male</td>\n",
       "      <td>22.0</td>\n",
       "      <td>1</td>\n",
       "      <td>0</td>\n",
       "      <td>7.2500</td>\n",
       "      <td>S</td>\n",
       "    </tr>\n",
       "    <tr>\n",
       "      <td>1</td>\n",
       "      <td>2</td>\n",
       "      <td>1</td>\n",
       "      <td>1</td>\n",
       "      <td>female</td>\n",
       "      <td>38.0</td>\n",
       "      <td>1</td>\n",
       "      <td>0</td>\n",
       "      <td>71.2833</td>\n",
       "      <td>C</td>\n",
       "    </tr>\n",
       "    <tr>\n",
       "      <td>2</td>\n",
       "      <td>3</td>\n",
       "      <td>1</td>\n",
       "      <td>3</td>\n",
       "      <td>female</td>\n",
       "      <td>26.0</td>\n",
       "      <td>0</td>\n",
       "      <td>0</td>\n",
       "      <td>7.9250</td>\n",
       "      <td>S</td>\n",
       "    </tr>\n",
       "    <tr>\n",
       "      <td>3</td>\n",
       "      <td>4</td>\n",
       "      <td>1</td>\n",
       "      <td>1</td>\n",
       "      <td>female</td>\n",
       "      <td>35.0</td>\n",
       "      <td>1</td>\n",
       "      <td>0</td>\n",
       "      <td>53.1000</td>\n",
       "      <td>S</td>\n",
       "    </tr>\n",
       "    <tr>\n",
       "      <td>4</td>\n",
       "      <td>5</td>\n",
       "      <td>0</td>\n",
       "      <td>3</td>\n",
       "      <td>male</td>\n",
       "      <td>35.0</td>\n",
       "      <td>0</td>\n",
       "      <td>0</td>\n",
       "      <td>8.0500</td>\n",
       "      <td>S</td>\n",
       "    </tr>\n",
       "  </tbody>\n",
       "</table>\n",
       "</div>"
      ],
      "text/plain": [
       "   PassengerId  Survived  Pclass     Sex   Age  SibSp  Parch     Fare Embarked\n",
       "0            1         0       3    male  22.0      1      0   7.2500        S\n",
       "1            2         1       1  female  38.0      1      0  71.2833        C\n",
       "2            3         1       3  female  26.0      0      0   7.9250        S\n",
       "3            4         1       1  female  35.0      1      0  53.1000        S\n",
       "4            5         0       3    male  35.0      0      0   8.0500        S"
      ]
     },
     "execution_count": 3,
     "metadata": {},
     "output_type": "execute_result"
    }
   ],
   "source": [
    "train_clean.head()"
   ]
  },
  {
   "cell_type": "code",
   "execution_count": 41,
   "metadata": {},
   "outputs": [],
   "source": [
    "train_clean=pd.get_dummies(train_clean)\n"
   ]
  },
  {
   "cell_type": "code",
   "execution_count": 5,
   "metadata": {},
   "outputs": [
    {
     "data": {
      "text/html": [
       "<div>\n",
       "<style scoped>\n",
       "    .dataframe tbody tr th:only-of-type {\n",
       "        vertical-align: middle;\n",
       "    }\n",
       "\n",
       "    .dataframe tbody tr th {\n",
       "        vertical-align: top;\n",
       "    }\n",
       "\n",
       "    .dataframe thead th {\n",
       "        text-align: right;\n",
       "    }\n",
       "</style>\n",
       "<table border=\"1\" class=\"dataframe\">\n",
       "  <thead>\n",
       "    <tr style=\"text-align: right;\">\n",
       "      <th></th>\n",
       "      <th>PassengerId</th>\n",
       "      <th>Survived</th>\n",
       "      <th>Pclass</th>\n",
       "      <th>Age</th>\n",
       "      <th>SibSp</th>\n",
       "      <th>Parch</th>\n",
       "      <th>Fare</th>\n",
       "      <th>Sex_female</th>\n",
       "      <th>Sex_male</th>\n",
       "      <th>Embarked_C</th>\n",
       "      <th>Embarked_Q</th>\n",
       "      <th>Embarked_S</th>\n",
       "    </tr>\n",
       "  </thead>\n",
       "  <tbody>\n",
       "    <tr>\n",
       "      <td>PassengerId</td>\n",
       "      <td>1.000000</td>\n",
       "      <td>-0.005007</td>\n",
       "      <td>-0.035144</td>\n",
       "      <td>0.034212</td>\n",
       "      <td>-0.057527</td>\n",
       "      <td>-0.001652</td>\n",
       "      <td>0.012658</td>\n",
       "      <td>-0.042939</td>\n",
       "      <td>0.042939</td>\n",
       "      <td>-0.001205</td>\n",
       "      <td>-0.033606</td>\n",
       "      <td>0.022204</td>\n",
       "    </tr>\n",
       "    <tr>\n",
       "      <td>Survived</td>\n",
       "      <td>-0.005007</td>\n",
       "      <td>1.000000</td>\n",
       "      <td>-0.338481</td>\n",
       "      <td>-0.064910</td>\n",
       "      <td>-0.035322</td>\n",
       "      <td>0.081629</td>\n",
       "      <td>0.257307</td>\n",
       "      <td>0.543351</td>\n",
       "      <td>-0.543351</td>\n",
       "      <td>0.168240</td>\n",
       "      <td>0.003650</td>\n",
       "      <td>-0.149683</td>\n",
       "    </tr>\n",
       "    <tr>\n",
       "      <td>Pclass</td>\n",
       "      <td>-0.035144</td>\n",
       "      <td>-0.338481</td>\n",
       "      <td>1.000000</td>\n",
       "      <td>-0.339898</td>\n",
       "      <td>0.083081</td>\n",
       "      <td>0.018443</td>\n",
       "      <td>-0.549500</td>\n",
       "      <td>-0.131900</td>\n",
       "      <td>0.131900</td>\n",
       "      <td>-0.243292</td>\n",
       "      <td>0.221009</td>\n",
       "      <td>0.074053</td>\n",
       "    </tr>\n",
       "    <tr>\n",
       "      <td>Age</td>\n",
       "      <td>0.034212</td>\n",
       "      <td>-0.064910</td>\n",
       "      <td>-0.339898</td>\n",
       "      <td>1.000000</td>\n",
       "      <td>-0.233296</td>\n",
       "      <td>-0.172482</td>\n",
       "      <td>0.096688</td>\n",
       "      <td>-0.081163</td>\n",
       "      <td>0.081163</td>\n",
       "      <td>0.030248</td>\n",
       "      <td>-0.031415</td>\n",
       "      <td>-0.006729</td>\n",
       "    </tr>\n",
       "    <tr>\n",
       "      <td>SibSp</td>\n",
       "      <td>-0.057527</td>\n",
       "      <td>-0.035322</td>\n",
       "      <td>0.083081</td>\n",
       "      <td>-0.233296</td>\n",
       "      <td>1.000000</td>\n",
       "      <td>0.414838</td>\n",
       "      <td>0.159651</td>\n",
       "      <td>0.114631</td>\n",
       "      <td>-0.114631</td>\n",
       "      <td>-0.059528</td>\n",
       "      <td>-0.026354</td>\n",
       "      <td>0.068734</td>\n",
       "    </tr>\n",
       "    <tr>\n",
       "      <td>Parch</td>\n",
       "      <td>-0.001652</td>\n",
       "      <td>0.081629</td>\n",
       "      <td>0.018443</td>\n",
       "      <td>-0.172482</td>\n",
       "      <td>0.414838</td>\n",
       "      <td>1.000000</td>\n",
       "      <td>0.216225</td>\n",
       "      <td>0.245489</td>\n",
       "      <td>-0.245489</td>\n",
       "      <td>-0.011069</td>\n",
       "      <td>-0.081228</td>\n",
       "      <td>0.060814</td>\n",
       "    </tr>\n",
       "    <tr>\n",
       "      <td>Fare</td>\n",
       "      <td>0.012658</td>\n",
       "      <td>0.257307</td>\n",
       "      <td>-0.549500</td>\n",
       "      <td>0.096688</td>\n",
       "      <td>0.159651</td>\n",
       "      <td>0.216225</td>\n",
       "      <td>1.000000</td>\n",
       "      <td>0.182333</td>\n",
       "      <td>-0.182333</td>\n",
       "      <td>0.269335</td>\n",
       "      <td>-0.117216</td>\n",
       "      <td>-0.162184</td>\n",
       "    </tr>\n",
       "    <tr>\n",
       "      <td>Sex_female</td>\n",
       "      <td>-0.042939</td>\n",
       "      <td>0.543351</td>\n",
       "      <td>-0.131900</td>\n",
       "      <td>-0.081163</td>\n",
       "      <td>0.114631</td>\n",
       "      <td>0.245489</td>\n",
       "      <td>0.182333</td>\n",
       "      <td>1.000000</td>\n",
       "      <td>-1.000000</td>\n",
       "      <td>0.082853</td>\n",
       "      <td>0.074115</td>\n",
       "      <td>-0.119224</td>\n",
       "    </tr>\n",
       "    <tr>\n",
       "      <td>Sex_male</td>\n",
       "      <td>0.042939</td>\n",
       "      <td>-0.543351</td>\n",
       "      <td>0.131900</td>\n",
       "      <td>0.081163</td>\n",
       "      <td>-0.114631</td>\n",
       "      <td>-0.245489</td>\n",
       "      <td>-0.182333</td>\n",
       "      <td>-1.000000</td>\n",
       "      <td>1.000000</td>\n",
       "      <td>-0.082853</td>\n",
       "      <td>-0.074115</td>\n",
       "      <td>0.119224</td>\n",
       "    </tr>\n",
       "    <tr>\n",
       "      <td>Embarked_C</td>\n",
       "      <td>-0.001205</td>\n",
       "      <td>0.168240</td>\n",
       "      <td>-0.243292</td>\n",
       "      <td>0.030248</td>\n",
       "      <td>-0.059528</td>\n",
       "      <td>-0.011069</td>\n",
       "      <td>0.269335</td>\n",
       "      <td>0.082853</td>\n",
       "      <td>-0.082853</td>\n",
       "      <td>1.000000</td>\n",
       "      <td>-0.148258</td>\n",
       "      <td>-0.782742</td>\n",
       "    </tr>\n",
       "    <tr>\n",
       "      <td>Embarked_Q</td>\n",
       "      <td>-0.033606</td>\n",
       "      <td>0.003650</td>\n",
       "      <td>0.221009</td>\n",
       "      <td>-0.031415</td>\n",
       "      <td>-0.026354</td>\n",
       "      <td>-0.081228</td>\n",
       "      <td>-0.117216</td>\n",
       "      <td>0.074115</td>\n",
       "      <td>-0.074115</td>\n",
       "      <td>-0.148258</td>\n",
       "      <td>1.000000</td>\n",
       "      <td>-0.499421</td>\n",
       "    </tr>\n",
       "    <tr>\n",
       "      <td>Embarked_S</td>\n",
       "      <td>0.022204</td>\n",
       "      <td>-0.149683</td>\n",
       "      <td>0.074053</td>\n",
       "      <td>-0.006729</td>\n",
       "      <td>0.068734</td>\n",
       "      <td>0.060814</td>\n",
       "      <td>-0.162184</td>\n",
       "      <td>-0.119224</td>\n",
       "      <td>0.119224</td>\n",
       "      <td>-0.782742</td>\n",
       "      <td>-0.499421</td>\n",
       "      <td>1.000000</td>\n",
       "    </tr>\n",
       "  </tbody>\n",
       "</table>\n",
       "</div>"
      ],
      "text/plain": [
       "             PassengerId  Survived    Pclass       Age     SibSp     Parch  \\\n",
       "PassengerId     1.000000 -0.005007 -0.035144  0.034212 -0.057527 -0.001652   \n",
       "Survived       -0.005007  1.000000 -0.338481 -0.064910 -0.035322  0.081629   \n",
       "Pclass         -0.035144 -0.338481  1.000000 -0.339898  0.083081  0.018443   \n",
       "Age             0.034212 -0.064910 -0.339898  1.000000 -0.233296 -0.172482   \n",
       "SibSp          -0.057527 -0.035322  0.083081 -0.233296  1.000000  0.414838   \n",
       "Parch          -0.001652  0.081629  0.018443 -0.172482  0.414838  1.000000   \n",
       "Fare            0.012658  0.257307 -0.549500  0.096688  0.159651  0.216225   \n",
       "Sex_female     -0.042939  0.543351 -0.131900 -0.081163  0.114631  0.245489   \n",
       "Sex_male        0.042939 -0.543351  0.131900  0.081163 -0.114631 -0.245489   \n",
       "Embarked_C     -0.001205  0.168240 -0.243292  0.030248 -0.059528 -0.011069   \n",
       "Embarked_Q     -0.033606  0.003650  0.221009 -0.031415 -0.026354 -0.081228   \n",
       "Embarked_S      0.022204 -0.149683  0.074053 -0.006729  0.068734  0.060814   \n",
       "\n",
       "                 Fare  Sex_female  Sex_male  Embarked_C  Embarked_Q  \\\n",
       "PassengerId  0.012658   -0.042939  0.042939   -0.001205   -0.033606   \n",
       "Survived     0.257307    0.543351 -0.543351    0.168240    0.003650   \n",
       "Pclass      -0.549500   -0.131900  0.131900   -0.243292    0.221009   \n",
       "Age          0.096688   -0.081163  0.081163    0.030248   -0.031415   \n",
       "SibSp        0.159651    0.114631 -0.114631   -0.059528   -0.026354   \n",
       "Parch        0.216225    0.245489 -0.245489   -0.011069   -0.081228   \n",
       "Fare         1.000000    0.182333 -0.182333    0.269335   -0.117216   \n",
       "Sex_female   0.182333    1.000000 -1.000000    0.082853    0.074115   \n",
       "Sex_male    -0.182333   -1.000000  1.000000   -0.082853   -0.074115   \n",
       "Embarked_C   0.269335    0.082853 -0.082853    1.000000   -0.148258   \n",
       "Embarked_Q  -0.117216    0.074115 -0.074115   -0.148258    1.000000   \n",
       "Embarked_S  -0.162184   -0.119224  0.119224   -0.782742   -0.499421   \n",
       "\n",
       "             Embarked_S  \n",
       "PassengerId    0.022204  \n",
       "Survived      -0.149683  \n",
       "Pclass         0.074053  \n",
       "Age           -0.006729  \n",
       "SibSp          0.068734  \n",
       "Parch          0.060814  \n",
       "Fare          -0.162184  \n",
       "Sex_female    -0.119224  \n",
       "Sex_male       0.119224  \n",
       "Embarked_C    -0.782742  \n",
       "Embarked_Q    -0.499421  \n",
       "Embarked_S     1.000000  "
      ]
     },
     "execution_count": 5,
     "metadata": {},
     "output_type": "execute_result"
    }
   ],
   "source": [
    "train_clean.corr(method='pearson')"
   ]
  },
  {
   "cell_type": "code",
   "execution_count": 6,
   "metadata": {},
   "outputs": [
    {
     "data": {
      "text/html": [
       "<div>\n",
       "<style scoped>\n",
       "    .dataframe tbody tr th:only-of-type {\n",
       "        vertical-align: middle;\n",
       "    }\n",
       "\n",
       "    .dataframe tbody tr th {\n",
       "        vertical-align: top;\n",
       "    }\n",
       "\n",
       "    .dataframe thead th {\n",
       "        text-align: right;\n",
       "    }\n",
       "</style>\n",
       "<table border=\"1\" class=\"dataframe\">\n",
       "  <thead>\n",
       "    <tr style=\"text-align: right;\">\n",
       "      <th></th>\n",
       "      <th>PassengerId</th>\n",
       "      <th>Survived</th>\n",
       "      <th>Pclass</th>\n",
       "      <th>Age</th>\n",
       "      <th>SibSp</th>\n",
       "      <th>Parch</th>\n",
       "      <th>Fare</th>\n",
       "      <th>Sex_female</th>\n",
       "      <th>Sex_male</th>\n",
       "      <th>Embarked_C</th>\n",
       "      <th>Embarked_Q</th>\n",
       "      <th>Embarked_S</th>\n",
       "    </tr>\n",
       "  </thead>\n",
       "  <tbody>\n",
       "    <tr>\n",
       "      <td>PassengerId</td>\n",
       "      <td>1.000000</td>\n",
       "      <td>-0.005007</td>\n",
       "      <td>-0.034091</td>\n",
       "      <td>0.034584</td>\n",
       "      <td>-0.061161</td>\n",
       "      <td>0.001235</td>\n",
       "      <td>-0.013975</td>\n",
       "      <td>-0.042939</td>\n",
       "      <td>0.042939</td>\n",
       "      <td>-0.001205</td>\n",
       "      <td>-0.033606</td>\n",
       "      <td>0.022204</td>\n",
       "    </tr>\n",
       "    <tr>\n",
       "      <td>Survived</td>\n",
       "      <td>-0.005007</td>\n",
       "      <td>1.000000</td>\n",
       "      <td>-0.339668</td>\n",
       "      <td>-0.037004</td>\n",
       "      <td>0.088879</td>\n",
       "      <td>0.138266</td>\n",
       "      <td>0.323736</td>\n",
       "      <td>0.543351</td>\n",
       "      <td>-0.543351</td>\n",
       "      <td>0.168240</td>\n",
       "      <td>0.003650</td>\n",
       "      <td>-0.149683</td>\n",
       "    </tr>\n",
       "    <tr>\n",
       "      <td>Pclass</td>\n",
       "      <td>-0.034091</td>\n",
       "      <td>-0.339668</td>\n",
       "      <td>1.000000</td>\n",
       "      <td>-0.317406</td>\n",
       "      <td>-0.043019</td>\n",
       "      <td>-0.022801</td>\n",
       "      <td>-0.688032</td>\n",
       "      <td>-0.135775</td>\n",
       "      <td>0.135775</td>\n",
       "      <td>-0.220995</td>\n",
       "      <td>0.229763</td>\n",
       "      <td>0.049011</td>\n",
       "    </tr>\n",
       "    <tr>\n",
       "      <td>Age</td>\n",
       "      <td>0.034584</td>\n",
       "      <td>-0.037004</td>\n",
       "      <td>-0.317406</td>\n",
       "      <td>1.000000</td>\n",
       "      <td>-0.145316</td>\n",
       "      <td>-0.217488</td>\n",
       "      <td>0.126006</td>\n",
       "      <td>-0.067663</td>\n",
       "      <td>0.067663</td>\n",
       "      <td>0.019634</td>\n",
       "      <td>-0.020950</td>\n",
       "      <td>-0.004016</td>\n",
       "    </tr>\n",
       "    <tr>\n",
       "      <td>SibSp</td>\n",
       "      <td>-0.061161</td>\n",
       "      <td>0.088879</td>\n",
       "      <td>-0.043019</td>\n",
       "      <td>-0.145316</td>\n",
       "      <td>1.000000</td>\n",
       "      <td>0.450014</td>\n",
       "      <td>0.447113</td>\n",
       "      <td>0.195204</td>\n",
       "      <td>-0.195204</td>\n",
       "      <td>0.014188</td>\n",
       "      <td>-0.048537</td>\n",
       "      <td>0.018115</td>\n",
       "    </tr>\n",
       "    <tr>\n",
       "      <td>Parch</td>\n",
       "      <td>0.001235</td>\n",
       "      <td>0.138266</td>\n",
       "      <td>-0.022801</td>\n",
       "      <td>-0.217488</td>\n",
       "      <td>0.450014</td>\n",
       "      <td>1.000000</td>\n",
       "      <td>0.410074</td>\n",
       "      <td>0.254512</td>\n",
       "      <td>-0.254512</td>\n",
       "      <td>0.023115</td>\n",
       "      <td>-0.099250</td>\n",
       "      <td>0.042209</td>\n",
       "    </tr>\n",
       "    <tr>\n",
       "      <td>Fare</td>\n",
       "      <td>-0.013975</td>\n",
       "      <td>0.323736</td>\n",
       "      <td>-0.688032</td>\n",
       "      <td>0.126006</td>\n",
       "      <td>0.447113</td>\n",
       "      <td>0.410074</td>\n",
       "      <td>1.000000</td>\n",
       "      <td>0.259593</td>\n",
       "      <td>-0.259593</td>\n",
       "      <td>0.204104</td>\n",
       "      <td>-0.232149</td>\n",
       "      <td>-0.032712</td>\n",
       "    </tr>\n",
       "    <tr>\n",
       "      <td>Sex_female</td>\n",
       "      <td>-0.042939</td>\n",
       "      <td>0.543351</td>\n",
       "      <td>-0.135775</td>\n",
       "      <td>-0.067663</td>\n",
       "      <td>0.195204</td>\n",
       "      <td>0.254512</td>\n",
       "      <td>0.259593</td>\n",
       "      <td>1.000000</td>\n",
       "      <td>-1.000000</td>\n",
       "      <td>0.082853</td>\n",
       "      <td>0.074115</td>\n",
       "      <td>-0.119224</td>\n",
       "    </tr>\n",
       "    <tr>\n",
       "      <td>Sex_male</td>\n",
       "      <td>0.042939</td>\n",
       "      <td>-0.543351</td>\n",
       "      <td>0.135775</td>\n",
       "      <td>0.067663</td>\n",
       "      <td>-0.195204</td>\n",
       "      <td>-0.254512</td>\n",
       "      <td>-0.259593</td>\n",
       "      <td>-1.000000</td>\n",
       "      <td>1.000000</td>\n",
       "      <td>-0.082853</td>\n",
       "      <td>-0.074115</td>\n",
       "      <td>0.119224</td>\n",
       "    </tr>\n",
       "    <tr>\n",
       "      <td>Embarked_C</td>\n",
       "      <td>-0.001205</td>\n",
       "      <td>0.168240</td>\n",
       "      <td>-0.220995</td>\n",
       "      <td>0.019634</td>\n",
       "      <td>0.014188</td>\n",
       "      <td>0.023115</td>\n",
       "      <td>0.204104</td>\n",
       "      <td>0.082853</td>\n",
       "      <td>-0.082853</td>\n",
       "      <td>1.000000</td>\n",
       "      <td>-0.148258</td>\n",
       "      <td>-0.782742</td>\n",
       "    </tr>\n",
       "    <tr>\n",
       "      <td>Embarked_Q</td>\n",
       "      <td>-0.033606</td>\n",
       "      <td>0.003650</td>\n",
       "      <td>0.229763</td>\n",
       "      <td>-0.020950</td>\n",
       "      <td>-0.048537</td>\n",
       "      <td>-0.099250</td>\n",
       "      <td>-0.232149</td>\n",
       "      <td>0.074115</td>\n",
       "      <td>-0.074115</td>\n",
       "      <td>-0.148258</td>\n",
       "      <td>1.000000</td>\n",
       "      <td>-0.499421</td>\n",
       "    </tr>\n",
       "    <tr>\n",
       "      <td>Embarked_S</td>\n",
       "      <td>0.022204</td>\n",
       "      <td>-0.149683</td>\n",
       "      <td>0.049011</td>\n",
       "      <td>-0.004016</td>\n",
       "      <td>0.018115</td>\n",
       "      <td>0.042209</td>\n",
       "      <td>-0.032712</td>\n",
       "      <td>-0.119224</td>\n",
       "      <td>0.119224</td>\n",
       "      <td>-0.782742</td>\n",
       "      <td>-0.499421</td>\n",
       "      <td>1.000000</td>\n",
       "    </tr>\n",
       "  </tbody>\n",
       "</table>\n",
       "</div>"
      ],
      "text/plain": [
       "             PassengerId  Survived    Pclass       Age     SibSp     Parch  \\\n",
       "PassengerId     1.000000 -0.005007 -0.034091  0.034584 -0.061161  0.001235   \n",
       "Survived       -0.005007  1.000000 -0.339668 -0.037004  0.088879  0.138266   \n",
       "Pclass         -0.034091 -0.339668  1.000000 -0.317406 -0.043019 -0.022801   \n",
       "Age             0.034584 -0.037004 -0.317406  1.000000 -0.145316 -0.217488   \n",
       "SibSp          -0.061161  0.088879 -0.043019 -0.145316  1.000000  0.450014   \n",
       "Parch           0.001235  0.138266 -0.022801 -0.217488  0.450014  1.000000   \n",
       "Fare           -0.013975  0.323736 -0.688032  0.126006  0.447113  0.410074   \n",
       "Sex_female     -0.042939  0.543351 -0.135775 -0.067663  0.195204  0.254512   \n",
       "Sex_male        0.042939 -0.543351  0.135775  0.067663 -0.195204 -0.254512   \n",
       "Embarked_C     -0.001205  0.168240 -0.220995  0.019634  0.014188  0.023115   \n",
       "Embarked_Q     -0.033606  0.003650  0.229763 -0.020950 -0.048537 -0.099250   \n",
       "Embarked_S      0.022204 -0.149683  0.049011 -0.004016  0.018115  0.042209   \n",
       "\n",
       "                 Fare  Sex_female  Sex_male  Embarked_C  Embarked_Q  \\\n",
       "PassengerId -0.013975   -0.042939  0.042939   -0.001205   -0.033606   \n",
       "Survived     0.323736    0.543351 -0.543351    0.168240    0.003650   \n",
       "Pclass      -0.688032   -0.135775  0.135775   -0.220995    0.229763   \n",
       "Age          0.126006   -0.067663  0.067663    0.019634   -0.020950   \n",
       "SibSp        0.447113    0.195204 -0.195204    0.014188   -0.048537   \n",
       "Parch        0.410074    0.254512 -0.254512    0.023115   -0.099250   \n",
       "Fare         1.000000    0.259593 -0.259593    0.204104   -0.232149   \n",
       "Sex_female   0.259593    1.000000 -1.000000    0.082853    0.074115   \n",
       "Sex_male    -0.259593   -1.000000  1.000000   -0.082853   -0.074115   \n",
       "Embarked_C   0.204104    0.082853 -0.082853    1.000000   -0.148258   \n",
       "Embarked_Q  -0.232149    0.074115 -0.074115   -0.148258    1.000000   \n",
       "Embarked_S  -0.032712   -0.119224  0.119224   -0.782742   -0.499421   \n",
       "\n",
       "             Embarked_S  \n",
       "PassengerId    0.022204  \n",
       "Survived      -0.149683  \n",
       "Pclass         0.049011  \n",
       "Age           -0.004016  \n",
       "SibSp          0.018115  \n",
       "Parch          0.042209  \n",
       "Fare          -0.032712  \n",
       "Sex_female    -0.119224  \n",
       "Sex_male       0.119224  \n",
       "Embarked_C    -0.782742  \n",
       "Embarked_Q    -0.499421  \n",
       "Embarked_S     1.000000  "
      ]
     },
     "execution_count": 6,
     "metadata": {},
     "output_type": "execute_result"
    }
   ],
   "source": [
    "train_clean.corr(method='spearman')"
   ]
  },
  {
   "cell_type": "code",
   "execution_count": 7,
   "metadata": {},
   "outputs": [
    {
     "data": {
      "text/html": [
       "<style  type=\"text/css\" >\n",
       "    #T_81325c76_7977_11ea_8dec_e82aeab2ad62row0_col0 {\n",
       "            background-color:  #b40426;\n",
       "            color:  #f1f1f1;\n",
       "        }    #T_81325c76_7977_11ea_8dec_e82aeab2ad62row0_col1 {\n",
       "            background-color:  #afcafc;\n",
       "            color:  #000000;\n",
       "        }    #T_81325c76_7977_11ea_8dec_e82aeab2ad62row0_col2 {\n",
       "            background-color:  #bcd2f7;\n",
       "            color:  #000000;\n",
       "        }    #T_81325c76_7977_11ea_8dec_e82aeab2ad62row0_col3 {\n",
       "            background-color:  #93b5fe;\n",
       "            color:  #000000;\n",
       "        }    #T_81325c76_7977_11ea_8dec_e82aeab2ad62row0_col4 {\n",
       "            background-color:  #5d7ce6;\n",
       "            color:  #000000;\n",
       "        }    #T_81325c76_7977_11ea_8dec_e82aeab2ad62row0_col5 {\n",
       "            background-color:  #7da0f9;\n",
       "            color:  #000000;\n",
       "        }    #T_81325c76_7977_11ea_8dec_e82aeab2ad62row0_col6 {\n",
       "            background-color:  #c0d4f5;\n",
       "            color:  #000000;\n",
       "        }    #T_81325c76_7977_11ea_8dec_e82aeab2ad62row0_col7 {\n",
       "            background-color:  #d7dce3;\n",
       "            color:  #000000;\n",
       "        }    #T_81325c76_7977_11ea_8dec_e82aeab2ad62row0_col8 {\n",
       "            background-color:  #e2dad5;\n",
       "            color:  #000000;\n",
       "        }    #T_81325c76_7977_11ea_8dec_e82aeab2ad62row0_col9 {\n",
       "            background-color:  #ccd9ed;\n",
       "            color:  #000000;\n",
       "        }    #T_81325c76_7977_11ea_8dec_e82aeab2ad62row0_col10 {\n",
       "            background-color:  #a2c1ff;\n",
       "            color:  #000000;\n",
       "        }    #T_81325c76_7977_11ea_8dec_e82aeab2ad62row0_col11 {\n",
       "            background-color:  #cfdaea;\n",
       "            color:  #000000;\n",
       "        }    #T_81325c76_7977_11ea_8dec_e82aeab2ad62row1_col0 {\n",
       "            background-color:  #4a63d3;\n",
       "            color:  #f1f1f1;\n",
       "        }    #T_81325c76_7977_11ea_8dec_e82aeab2ad62row1_col1 {\n",
       "            background-color:  #b40426;\n",
       "            color:  #f1f1f1;\n",
       "        }    #T_81325c76_7977_11ea_8dec_e82aeab2ad62row1_col2 {\n",
       "            background-color:  #7da0f9;\n",
       "            color:  #000000;\n",
       "        }    #T_81325c76_7977_11ea_8dec_e82aeab2ad62row1_col3 {\n",
       "            background-color:  #80a3fa;\n",
       "            color:  #000000;\n",
       "        }    #T_81325c76_7977_11ea_8dec_e82aeab2ad62row1_col4 {\n",
       "            background-color:  #88abfd;\n",
       "            color:  #000000;\n",
       "        }    #T_81325c76_7977_11ea_8dec_e82aeab2ad62row1_col5 {\n",
       "            background-color:  #a3c2fe;\n",
       "            color:  #000000;\n",
       "        }    #T_81325c76_7977_11ea_8dec_e82aeab2ad62row1_col6 {\n",
       "            background-color:  #f2cbb7;\n",
       "            color:  #000000;\n",
       "        }    #T_81325c76_7977_11ea_8dec_e82aeab2ad62row1_col7 {\n",
       "            background-color:  #f29072;\n",
       "            color:  #000000;\n",
       "        }    #T_81325c76_7977_11ea_8dec_e82aeab2ad62row1_col8 {\n",
       "            background-color:  #85a8fc;\n",
       "            color:  #000000;\n",
       "        }    #T_81325c76_7977_11ea_8dec_e82aeab2ad62row1_col9 {\n",
       "            background-color:  #e5d8d1;\n",
       "            color:  #000000;\n",
       "        }    #T_81325c76_7977_11ea_8dec_e82aeab2ad62row1_col10 {\n",
       "            background-color:  #aac7fd;\n",
       "            color:  #000000;\n",
       "        }    #T_81325c76_7977_11ea_8dec_e82aeab2ad62row1_col11 {\n",
       "            background-color:  #b1cbfc;\n",
       "            color:  #000000;\n",
       "        }    #T_81325c76_7977_11ea_8dec_e82aeab2ad62row2_col0 {\n",
       "            background-color:  #4257c9;\n",
       "            color:  #f1f1f1;\n",
       "        }    #T_81325c76_7977_11ea_8dec_e82aeab2ad62row2_col1 {\n",
       "            background-color:  #6384eb;\n",
       "            color:  #000000;\n",
       "        }    #T_81325c76_7977_11ea_8dec_e82aeab2ad62row2_col2 {\n",
       "            background-color:  #b40426;\n",
       "            color:  #f1f1f1;\n",
       "        }    #T_81325c76_7977_11ea_8dec_e82aeab2ad62row2_col3 {\n",
       "            background-color:  #3b4cc0;\n",
       "            color:  #f1f1f1;\n",
       "        }    #T_81325c76_7977_11ea_8dec_e82aeab2ad62row2_col4 {\n",
       "            background-color:  #6282ea;\n",
       "            color:  #000000;\n",
       "        }    #T_81325c76_7977_11ea_8dec_e82aeab2ad62row2_col5 {\n",
       "            background-color:  #7699f6;\n",
       "            color:  #000000;\n",
       "        }    #T_81325c76_7977_11ea_8dec_e82aeab2ad62row2_col6 {\n",
       "            background-color:  #3b4cc0;\n",
       "            color:  #f1f1f1;\n",
       "        }    #T_81325c76_7977_11ea_8dec_e82aeab2ad62row2_col7 {\n",
       "            background-color:  #cad8ef;\n",
       "            color:  #000000;\n",
       "        }    #T_81325c76_7977_11ea_8dec_e82aeab2ad62row2_col8 {\n",
       "            background-color:  #edd2c3;\n",
       "            color:  #000000;\n",
       "        }    #T_81325c76_7977_11ea_8dec_e82aeab2ad62row2_col9 {\n",
       "            background-color:  #a3c2fe;\n",
       "            color:  #000000;\n",
       "        }    #T_81325c76_7977_11ea_8dec_e82aeab2ad62row2_col10 {\n",
       "            background-color:  #d9dce1;\n",
       "            color:  #000000;\n",
       "        }    #T_81325c76_7977_11ea_8dec_e82aeab2ad62row2_col11 {\n",
       "            background-color:  #d4dbe6;\n",
       "            color:  #000000;\n",
       "        }    #T_81325c76_7977_11ea_8dec_e82aeab2ad62row3_col0 {\n",
       "            background-color:  #5673e0;\n",
       "            color:  #000000;\n",
       "        }    #T_81325c76_7977_11ea_8dec_e82aeab2ad62row3_col1 {\n",
       "            background-color:  #a7c5fe;\n",
       "            color:  #000000;\n",
       "        }    #T_81325c76_7977_11ea_8dec_e82aeab2ad62row3_col2 {\n",
       "            background-color:  #82a6fb;\n",
       "            color:  #000000;\n",
       "        }    #T_81325c76_7977_11ea_8dec_e82aeab2ad62row3_col3 {\n",
       "            background-color:  #b40426;\n",
       "            color:  #f1f1f1;\n",
       "        }    #T_81325c76_7977_11ea_8dec_e82aeab2ad62row3_col4 {\n",
       "            background-color:  #465ecf;\n",
       "            color:  #f1f1f1;\n",
       "        }    #T_81325c76_7977_11ea_8dec_e82aeab2ad62row3_col5 {\n",
       "            background-color:  #4358cb;\n",
       "            color:  #f1f1f1;\n",
       "        }    #T_81325c76_7977_11ea_8dec_e82aeab2ad62row3_col6 {\n",
       "            background-color:  #d8dce2;\n",
       "            color:  #000000;\n",
       "        }    #T_81325c76_7977_11ea_8dec_e82aeab2ad62row3_col7 {\n",
       "            background-color:  #d4dbe6;\n",
       "            color:  #000000;\n",
       "        }    #T_81325c76_7977_11ea_8dec_e82aeab2ad62row3_col8 {\n",
       "            background-color:  #e5d8d1;\n",
       "            color:  #000000;\n",
       "        }    #T_81325c76_7977_11ea_8dec_e82aeab2ad62row3_col9 {\n",
       "            background-color:  #cfdaea;\n",
       "            color:  #000000;\n",
       "        }    #T_81325c76_7977_11ea_8dec_e82aeab2ad62row3_col10 {\n",
       "            background-color:  #a5c3fe;\n",
       "            color:  #000000;\n",
       "        }    #T_81325c76_7977_11ea_8dec_e82aeab2ad62row3_col11 {\n",
       "            background-color:  #cbd8ee;\n",
       "            color:  #000000;\n",
       "        }    #T_81325c76_7977_11ea_8dec_e82aeab2ad62row4_col0 {\n",
       "            background-color:  #3b4cc0;\n",
       "            color:  #f1f1f1;\n",
       "        }    #T_81325c76_7977_11ea_8dec_e82aeab2ad62row4_col1 {\n",
       "            background-color:  #c3d5f4;\n",
       "            color:  #000000;\n",
       "        }    #T_81325c76_7977_11ea_8dec_e82aeab2ad62row4_col2 {\n",
       "            background-color:  #bad0f8;\n",
       "            color:  #000000;\n",
       "        }    #T_81325c76_7977_11ea_8dec_e82aeab2ad62row4_col3 {\n",
       "            background-color:  #6384eb;\n",
       "            color:  #000000;\n",
       "        }    #T_81325c76_7977_11ea_8dec_e82aeab2ad62row4_col4 {\n",
       "            background-color:  #b40426;\n",
       "            color:  #f1f1f1;\n",
       "        }    #T_81325c76_7977_11ea_8dec_e82aeab2ad62row4_col5 {\n",
       "            background-color:  #ebd3c6;\n",
       "            color:  #000000;\n",
       "        }    #T_81325c76_7977_11ea_8dec_e82aeab2ad62row4_col6 {\n",
       "            background-color:  #f7b599;\n",
       "            color:  #000000;\n",
       "        }    #T_81325c76_7977_11ea_8dec_e82aeab2ad62row4_col7 {\n",
       "            background-color:  #f1ccb8;\n",
       "            color:  #000000;\n",
       "        }    #T_81325c76_7977_11ea_8dec_e82aeab2ad62row4_col8 {\n",
       "            background-color:  #c1d4f4;\n",
       "            color:  #000000;\n",
       "        }    #T_81325c76_7977_11ea_8dec_e82aeab2ad62row4_col9 {\n",
       "            background-color:  #cedaeb;\n",
       "            color:  #000000;\n",
       "        }    #T_81325c76_7977_11ea_8dec_e82aeab2ad62row4_col10 {\n",
       "            background-color:  #9ebeff;\n",
       "            color:  #000000;\n",
       "        }    #T_81325c76_7977_11ea_8dec_e82aeab2ad62row4_col11 {\n",
       "            background-color:  #cfdaea;\n",
       "            color:  #000000;\n",
       "        }    #T_81325c76_7977_11ea_8dec_e82aeab2ad62row5_col0 {\n",
       "            background-color:  #4c66d6;\n",
       "            color:  #000000;\n",
       "        }    #T_81325c76_7977_11ea_8dec_e82aeab2ad62row5_col1 {\n",
       "            background-color:  #cdd9ec;\n",
       "            color:  #000000;\n",
       "        }    #T_81325c76_7977_11ea_8dec_e82aeab2ad62row5_col2 {\n",
       "            background-color:  #bed2f6;\n",
       "            color:  #000000;\n",
       "        }    #T_81325c76_7977_11ea_8dec_e82aeab2ad62row5_col3 {\n",
       "            background-color:  #516ddb;\n",
       "            color:  #000000;\n",
       "        }    #T_81325c76_7977_11ea_8dec_e82aeab2ad62row5_col4 {\n",
       "            background-color:  #e7d7ce;\n",
       "            color:  #000000;\n",
       "        }    #T_81325c76_7977_11ea_8dec_e82aeab2ad62row5_col5 {\n",
       "            background-color:  #b40426;\n",
       "            color:  #f1f1f1;\n",
       "        }    #T_81325c76_7977_11ea_8dec_e82aeab2ad62row5_col6 {\n",
       "            background-color:  #f6bda2;\n",
       "            color:  #000000;\n",
       "        }    #T_81325c76_7977_11ea_8dec_e82aeab2ad62row5_col7 {\n",
       "            background-color:  #f5c4ac;\n",
       "            color:  #000000;\n",
       "        }    #T_81325c76_7977_11ea_8dec_e82aeab2ad62row5_col8 {\n",
       "            background-color:  #b7cff9;\n",
       "            color:  #000000;\n",
       "        }    #T_81325c76_7977_11ea_8dec_e82aeab2ad62row5_col9 {\n",
       "            background-color:  #cfdaea;\n",
       "            color:  #000000;\n",
       "        }    #T_81325c76_7977_11ea_8dec_e82aeab2ad62row5_col10 {\n",
       "            background-color:  #93b5fe;\n",
       "            color:  #000000;\n",
       "        }    #T_81325c76_7977_11ea_8dec_e82aeab2ad62row5_col11 {\n",
       "            background-color:  #d3dbe7;\n",
       "            color:  #000000;\n",
       "        }    #T_81325c76_7977_11ea_8dec_e82aeab2ad62row6_col0 {\n",
       "            background-color:  #485fd1;\n",
       "            color:  #f1f1f1;\n",
       "        }    #T_81325c76_7977_11ea_8dec_e82aeab2ad62row6_col1 {\n",
       "            background-color:  #ebd3c6;\n",
       "            color:  #000000;\n",
       "        }    #T_81325c76_7977_11ea_8dec_e82aeab2ad62row6_col2 {\n",
       "            background-color:  #3b4cc0;\n",
       "            color:  #f1f1f1;\n",
       "        }    #T_81325c76_7977_11ea_8dec_e82aeab2ad62row6_col3 {\n",
       "            background-color:  #abc8fd;\n",
       "            color:  #000000;\n",
       "        }    #T_81325c76_7977_11ea_8dec_e82aeab2ad62row6_col4 {\n",
       "            background-color:  #e6d7cf;\n",
       "            color:  #000000;\n",
       "        }    #T_81325c76_7977_11ea_8dec_e82aeab2ad62row6_col5 {\n",
       "            background-color:  #e4d9d2;\n",
       "            color:  #000000;\n",
       "        }    #T_81325c76_7977_11ea_8dec_e82aeab2ad62row6_col6 {\n",
       "            background-color:  #b40426;\n",
       "            color:  #f1f1f1;\n",
       "        }    #T_81325c76_7977_11ea_8dec_e82aeab2ad62row6_col7 {\n",
       "            background-color:  #f5c2aa;\n",
       "            color:  #000000;\n",
       "        }    #T_81325c76_7977_11ea_8dec_e82aeab2ad62row6_col8 {\n",
       "            background-color:  #b6cefa;\n",
       "            color:  #000000;\n",
       "        }    #T_81325c76_7977_11ea_8dec_e82aeab2ad62row6_col9 {\n",
       "            background-color:  #ead5c9;\n",
       "            color:  #000000;\n",
       "        }    #T_81325c76_7977_11ea_8dec_e82aeab2ad62row6_col10 {\n",
       "            background-color:  #7396f5;\n",
       "            color:  #000000;\n",
